+8801869455792
+8801869455792
+8801746820765
+8801746820765
+8801913373695
+8801731224495
+8801819035777
+8801535200519
+8801717712966
+8801553324986
+8801714289841
+8801929974543
+8801557469553
+8801818101760
+8801875233495
+8801772195324
+8801816574857
+8801190320922
+8801732092757
+8801878588617
+8801770245653
+8801725653555
+8801879908530
+8801728032926
+8801868513164
+8801792465977
+8801521402004
+8801913488435
+8801864754055
+8801864988944
+8801521400702
+8801827243825
+8801819288684
+8801814438989
+8801868051478
+8801833906035
+8801839342347