18550
29441
8729
28121
4078
10339
30425
18476
20863
25423
29562
17750
3864
24711
23049
30277
20664
6047
21785
26446
3377
4273
18090
17280
4140
16979
32336
16946
365
3014
6801
4831
29016
8048
6542
15156
3764
29068
23782
7014
27056
32545
9431
3273
26659
304
18086
20127
20248
24626
8769
13613
1418
31682
6948
20245
29804
6806
6265
29919
10221
5811
20611
30425
5625
6625
25404
23841
11779
32349
2109
28160
5634
10191
21471
28281
14521
26747
22432
20770
2364
18107
8648
18227
8112
13997
24652
26589
4946
7209
10994
25053
13755
10486
14518
27472
4962
27453
1132
25545
